00100001100000000000000000000000

00100001101000000000000000000000

00001100000000000000000011010000

00100000001000010000000000000101

00100000010000010000000000000000

00001100000000000000000011100100

00100000001000010000000000000101

00100000011000010000000000000000

00001100000000000000000011111000

00100000001000010000000000000101

00100000100000010000000000000000

00001100000000000000000100001100

00100000001000010000000000001000

00100001001000000000000000111100

00100001010010100000000000000010

00100001110010010000000000000000

00100001001000000000000000110100

00100000111010010000000000000000

00100001001000000000000000111000

00100001000010010000000000000000

00100000101000000000000000000101

00000000100001011000010001011010

00000000110100000000000000010000

00000000101100010000000000010010

00100000001000000000000000000101

00000001001001100000100000101010

00010001001000000000000110001100

00001100000000000000000110100000

00001100000000000000000110110000

00100000001000010000000000001010

00100000001000010000000000000100

00100001001000000000000000010100

00000001111000000000000000001000

00100000001000010000000000000100

00100001001000000000000000011000

00000001111000000000000000001000

00100000001000010000000000000100

00100001001000000000000000011100

00000001111000000000000000001000

00100000001000010000000000000100

00100001001000000000000000100000

00000001111000000000000000001000

00100000001000010000000000000100

00100001001000000000000000100100

00100000001000010000000000000001

00100001001011010000000000000000

00100000001000010000000000001010

00100000001000010000000000000100

00100001001000000000000000101000

00100000001000010000000000000001

00100001001011010000000000000000

00100000001000010000000000001010

00100000001000010000000000000100

00100001001000000000000000101100

00100000001000010000000000000001

00100000001000010000000000001010

00100000101001010000000000000001

00000001100000110010100000100000

00000001101000100110000000100010

00000001111000000000000000001000

00000001100000110010100000100000

00000001101000100110000000100010

00000001111000000000000000001000

00100000001000000000000001000001

00000001001011010000100000101010

00010101001000000000000100100000

00100000001000000000000000101101

00000001001011010000100000101010

00010101001000000000000101000100

00001100000000000000000101101000

00100000001000010000000000001010

00100000001000000000000000110111

00000001001011010000100000101010

00010101001000000000000100100000

00100000001000000000000000100011

00000001001011010000100000101010

00010101001000000000000101000100

00001100000000000000000101101000

00100000001000010000000000001010